
E9	474000 11 40	0.00558313	-1.28466e-11	0
  	22	-69.0312	3.06727e-09	1.21976
  	-3.05846e-06	0.00036409	8.00006e-06	5440.63
  	474000	-8.75443e-08	-2.66334	1.49012e-08
  	0.961456	169.312	-0.433037	-5.55845e-09
  	-1.89651e-10		  	1144	0
  	3.12	0	1.39698e-09	1.39698e-09

E36	472800 11 20	-0.000241466	-5.22959e-12	0
  	20	10.4688	2.60618e-09	0.679589
  	4.2282e-07	0.000126116	8.72836e-06	5440.61
  	472800	-4.47035e-08	1.51954	1.67638e-08
  	0.995253	170.438	1.30002	-5.33344e-09
  	1.10005e-10		  	1144	0
  	3.12	0	5.82077e-09	6.51926e-09

E4	474000 11 40	-0.000824265	-8.12861e-12	0
  	22	-70.4062	3.24085e-09	2.83165
  	-3.25032e-06	0.000223709	7.97398e-06	5440.63
  	474000	2.98023e-08	-2.65874	-1.22935e-07
  	0.955502	171.375	-1.24216	-5.65131e-09
  	-2.65368e-10		  	1144	0
  	3.12	0	-3.25963e-09	-3.49246e-09

E30	474000 11 40	0.0027426	-3.06954e-11	0
  	22	61.1562	3.21692e-09	2.27128
  	3.00072e-06	0.000138446	4.39957e-06	5440.6
  	474000	3.1665e-08	-0.558219	-3.72529e-08
  	0.974627	253.594	0.38934	-5.75774e-09
  	1.63221e-10		  	1144	0
  	3.12	0	1.86265e-09	1.86265e-09

E9	474000 11 40	0.00558313	-1.28466e-11	0
  	22	-69.0312	3.06727e-09	1.21976
  	-3.05846e-06	0.00036409	8.00006e-06	5440.63
  	474000	-8.75443e-08	-2.66334	1.49012e-08
  	0.961456	169.312	-0.433037	-5.55845e-09
  	-1.89651e-10		  	1144	0
  	3.12	0	1.39698e-09	1.39698e-09

E36	472800 11 20	-0.000241466	-5.22959e-12	0
  	20	10.4688	2.60618e-09	0.679589
  	4.2282e-07	0.000126116	8.72836e-06	5440.61
  	472800	-4.47035e-08	1.51954	1.67638e-08
  	0.995253	170.438	1.30002	-5.33344e-09
  	1.10005e-10		  	1144	0
  	3.12	0	5.82077e-09	6.51926e-09

E4	474000 11 40	-0.000824265	-8.12861e-12	0
  	22	-70.4062	3.24085e-09	2.83165
  	-3.25032e-06	0.000223709	7.97398e-06	5440.63
  	474000	2.98023e-08	-2.65874	-1.22935e-07
  	0.955502	171.375	-1.24216	-5.65131e-09
  	-2.65368e-10		  	1144	0
  	3.12	0	-3.25963e-09	-3.49246e-09

E9	474000 11 40	0.00558313	-1.28466e-11	0
  	22	-69.0312	3.06727e-09	1.21976
  	-3.05846e-06	0.00036409	8.00006e-06	5440.63
  	474000	-8.75443e-08	-2.66334	1.49012e-08
  	0.961456	169.312	-0.433037	-5.55845e-09
  	-1.89651e-10		  	1144	0
  	3.12	0	1.39698e-09	1.39698e-09

E36	472800 11 20	-0.000241466	-5.22959e-12	0
  	20	10.4688	2.60618e-09	0.679589
  	4.2282e-07	0.000126116	8.72836e-06	5440.61
  	472800	-4.47035e-08	1.51954	1.67638e-08
  	0.995253	170.438	1.30002	-5.33344e-09
  	1.10005e-10		  	1144	0
  	3.12	0	5.82077e-09	6.51926e-09

E30	474000 11 40	0.0027426	-3.06954e-11	0
  	22	61.1562	3.21692e-09	2.27128
  	3.00072e-06	0.000138446	4.39957e-06	5440.6
  	474000	3.1665e-08	-0.558219	-3.72529e-08
  	0.974627	253.594	0.38934	-5.75774e-09
  	1.63221e-10		  	1144	0
  	3.12	0	1.86265e-09	1.86265e-09

E4	474000 11 40	-0.000824265	-8.12861e-12	0
  	22	-70.4062	3.24085e-09	2.83165
  	-3.25032e-06	0.000223709	7.97398e-06	5440.63
  	474000	2.98023e-08	-2.65874	-1.22935e-07
  	0.955502	171.375	-1.24216	-5.65131e-09
  	-2.65368e-10		  	1144	0
  	3.12	0	-3.25963e-09	-3.49246e-09

E36	472800 11 20	-0.000241466	-5.22959e-12	0
  	20	10.4688	2.60618e-09	0.679589
  	4.2282e-07	0.000126116	8.72836e-06	5440.61
  	472800	-4.47035e-08	1.51954	1.67638e-08
  	0.995253	170.438	1.30002	-5.33344e-09
  	1.10005e-10		  	1144	0
  	3.12	0	5.82077e-09	6.51926e-09

E9	474000 11 40	0.00558313	-1.28466e-11	0
  	22	-69.0312	3.06727e-09	1.21976
  	-3.05846e-06	0.00036409	8.00006e-06	5440.63
  	474000	-8.75443e-08	-2.66334	1.49012e-08
  	0.961456	169.312	-0.433037	-5.55845e-09
  	-1.89651e-10		  	1144	0
  	3.12	0	1.39698e-09	1.39698e-09

E4	474000 11 40	-0.000824265	-8.12861e-12	0
  	22	-70.4062	3.24085e-09	2.83165
  	-3.25032e-06	0.000223709	7.97398e-06	5440.63
  	474000	2.98023e-08	-2.65874	-1.22935e-07
  	0.955502	171.375	-1.24216	-5.65131e-09
  	-2.65368e-10		  	1144	0
  	3.12	0	-3.25963e-09	-3.49246e-09


		HEADER
GAL	86.25	0.320312	0.00216675	IONOSPHERIC CORR
GAUT	0	0	0	0	TIME SYSTEM CORR
GPGA	3.8126e-09	2.66454e-15	432000	56	TIME SYSTEM CORR


E9	474000 11 40	0.00558313	-1.28466e-11	0
  	22	-69.0312	3.06727e-09	1.21976
  	-3.05846e-06	0.00036409	8.00006e-06	5440.63
  	474000	-8.75443e-08	-2.66334	1.49012e-08
  	0.961456	169.312	-0.433037	-5.55845e-09
  	-1.89651e-10		  	1144	0
  	3.12	0	1.39698e-09	1.39698e-09

E36	472800 11 20	-0.000241466	-5.22959e-12	0
  	20	10.4688	2.60618e-09	0.679589
  	4.2282e-07	0.000126116	8.72836e-06	5440.61
  	472800	-4.47035e-08	1.51954	1.67638e-08
  	0.995253	170.438	1.30002	-5.33344e-09
  	1.10005e-10		  	1144	0
  	3.12	0	5.82077e-09	6.51926e-09

E4	474000 11 40	-0.000824265	-8.12861e-12	0
  	22	-70.4062	3.24085e-09	2.83165
  	-3.25032e-06	0.000223709	7.97398e-06	5440.63
  	474000	2.98023e-08	-2.65874	-1.22935e-07
  	0.955502	171.375	-1.24216	-5.65131e-09
  	-2.65368e-10		  	1144	0
  	3.12	0	-3.25963e-09	-3.49246e-09

E30	474000 11 40	0.0027426	-3.06954e-11	0
  	22	61.1562	3.21692e-09	2.27128
  	3.00072e-06	0.000138446	4.39957e-06	5440.6
  	474000	3.1665e-08	-0.558219	-3.72529e-08
  	0.974627	253.594	0.38934	-5.75774e-09
  	1.63221e-10		  	1144	0
  	3.12	0	1.86265e-09	1.86265e-09

E9	474000 11 40	0.00558313	-1.28466e-11	0
  	22	-69.0312	3.06727e-09	1.21976
  	-3.05846e-06	0.00036409	8.00006e-06	5440.63
  	474000	-8.75443e-08	-2.66334	1.49012e-08
  	0.961456	169.312	-0.433037	-5.55845e-09
  	-1.89651e-10		  	1144	0
  	3.12	0	1.39698e-09	1.39698e-09

E36	472800 11 20	-0.000241466	-5.22959e-12	0
  	20	10.4688	2.60618e-09	0.679589
  	4.2282e-07	0.000126116	8.72836e-06	5440.61
  	472800	-4.47035e-08	1.51954	1.67638e-08
  	0.995253	170.438	1.30002	-5.33344e-09
  	1.10005e-10		  	1144	0
  	3.12	0	5.82077e-09	6.51926e-09

E4	474000 11 40	-0.000824265	-8.12861e-12	0
  	22	-70.4062	3.24085e-09	2.83165
  	-3.25032e-06	0.000223709	7.97398e-06	5440.63
  	474000	2.98023e-08	-2.65874	-1.22935e-07
  	0.955502	171.375	-1.24216	-5.65131e-09
  	-2.65368e-10		  	1144	0
  	3.12	0	-3.25963e-09	-3.49246e-09

E9	474000 11 40	0.00558313	-1.28466e-11	0
  	22	-69.0312	3.06727e-09	1.21976
  	-3.05846e-06	0.00036409	8.00006e-06	5440.63
  	474000	-8.75443e-08	-2.66334	1.49012e-08
  	0.961456	169.312	-0.433037	-5.55845e-09
  	-1.89651e-10		  	1144	0
  	3.12	0	1.39698e-09	1.39698e-09

E36	472800 11 20	-0.000241466	-5.22959e-12	0
  	20	10.4688	2.60618e-09	0.679589
  	4.2282e-07	0.000126116	8.72836e-06	5440.61
  	472800	-4.47035e-08	1.51954	1.67638e-08
  	0.995253	170.438	1.30002	-5.33344e-09
  	1.10005e-10		  	1144	0
  	3.12	0	5.82077e-09	6.51926e-09

E4	474000 11 40	-0.000824265	-8.12861e-12	0
  	22	-70.4062	3.24085e-09	2.83165
  	-3.25032e-06	0.000223709	7.97398e-06	5440.63
  	474000	2.98023e-08	-2.65874	-1.22935e-07
  	0.955502	171.375	-1.24216	-5.65131e-09
  	-2.65368e-10		  	1144	0
  	3.12	0	-3.25963e-09	-3.49246e-09

E9	474000 11 40	0.00558313	-1.28466e-11	0
  	22	-69.0312	3.06727e-09	1.21976
  	-3.05846e-06	0.00036409	8.00006e-06	5440.63
  	474000	-8.75443e-08	-2.66334	1.49012e-08
  	0.961456	169.312	-0.433037	-5.55845e-09
  	-1.89651e-10		  	1144	0
  	3.12	0	1.39698e-09	1.39698e-09

E36	472800 11 20	-0.000241466	-5.22959e-12	0
  	20	10.4688	2.60618e-09	0.679589
  	4.2282e-07	0.000126116	8.72836e-06	5440.61
  	472800	-4.47035e-08	1.51954	1.67638e-08
  	0.995253	170.438	1.30002	-5.33344e-09
  	1.10005e-10		  	1144	0
  	3.12	0	5.82077e-09	6.51926e-09

E4	474000 11 40	-0.000824265	-8.12861e-12	0
  	22	-70.4062	3.24085e-09	2.83165
  	-3.25032e-06	0.000223709	7.97398e-06	5440.63
  	474000	2.98023e-08	-2.65874	-1.22935e-07
  	0.955502	171.375	-1.24216	-5.65131e-09
  	-2.65368e-10		  	1144	0
  	3.12	0	-3.25963e-09	-3.49246e-09

E9	474000 11 40	0.00558313	-1.28466e-11	0
  	22	-69.0312	3.06727e-09	1.21976
  	-3.05846e-06	0.00036409	8.00006e-06	5440.63
  	474000	-8.75443e-08	-2.66334	1.49012e-08
  	0.961456	169.312	-0.433037	-5.55845e-09
  	-1.89651e-10		  	1144	0
  	3.12	0	1.39698e-09	1.39698e-09

E36	472800 11 20	-0.000241466	-5.22959e-12	0
  	20	10.4688	2.60618e-09	0.679589
  	4.2282e-07	0.000126116	8.72836e-06	5440.61
  	472800	-4.47035e-08	1.51954	1.67638e-08
  	0.995253	170.438	1.30002	-5.33344e-09
  	1.10005e-10		  	1144	0
  	3.12	0	5.82077e-09	6.51926e-09

E4	474000 11 40	-0.000824265	-8.12861e-12	0
  	22	-70.4062	3.24085e-09	2.83165
  	-3.25032e-06	0.000223709	7.97398e-06	5440.63
  	